4.5578851412944393E-4 1
2.2914757103574703E-4 2
5.858293255563954E-4 2
9.320226274607088E-4 2
9.857510971040746E-4 2
0.0010962582920215028 2
0.00139284449329928 2
0.0017243783438386727 2
0.002022399644795441 2
0.002164902224700504 2
0.002263221971779297 2
0.003231566037698729 2
0.003426443698622632 2
0.003564137647415428 2
0.003982574388971134 2
0.004210643591834723 2
0.004600294320036495 2
0.004921786965350944 2
0.005039141149295236 2
0.00532607996178997 2
0.005922415097033016 2
0.006110045731662511 2
0.006218432002557256 2
0.006398789335134639 2
0.0065237135438290465 2
0.006725380584622069 2
0.0076233152137940375 2
0.007914023088221686 2
0.008043226487490677 2
0.008681342636740324 2
0.00905832538226001 2
0.009231070095878391 2
0.009570976719308035 2
0.009914667267296241 2
0.009985219201759482 2
0.010550328375697665 2
0.01065547165399926 2
0.01083820858413171 2
0.011037478882004981 2
0.011195664003771515 2
0.012150070409027228 2
0.012268822921218659 2
0.012717832687961755 2
0.012876082401328322 2
0.013027330022266321 2
0.013618563357155427 2
0.01372104885629952 2
0.014257581679536169 2
0.014559728100979732 2
0.014938345140943148 2
0.015088248005415304 2
0.015218234424627705 2
0.01534830868156642 2
0.015496108933647126 2
0.0156326159740727 2
0.015812766831409447 2
0.015923141605467872 2
0.01654800371571208 2
0.01671335359260702 2
0.01687299126441184 2
0.017012694951888625 2
0.01731488672522456 2
0.017479900367029687 2
0.017657800540848208 2
0.017743848803014883 2
0.017868470396839968 2
0.018018236067802642 2
0.018196164384490753 2
0.018340946837587725 2
0.018474056865372738 2
0.018647638334059066 2
0.018800271627372092 2
0.018951772825395057 2
0.019073131635737442 2
0.019200043705300714 2
0.019814315605887804 2
0.01993179271538536 2
0.020118381544344872 2
0.0202351554704014 2
0.020391967956537867 2
0.02057465924155863 2
0.020714213952299797 2
0.02085974985780918 2
0.020989380044362325 2
0.021122551738149413 2
0.02127521111957488 2
0.02143056495469229 2
0.02157659148661751 2
0.02171111759309461 2
0.021875184258291387 2
0.022024017391360312 2
0.02252681150648856 2
0.02267456399558792 2
0.02285113152379508 2
0.02300875651837575 2
0.02316278185978076 2
0.02330279072780369 2
0.02346028635893596 2
0.02357311482613486 2
0.023749419435872728 2
0.023862038719527433 2
0.024039503829202176 2
0.024178077508950763 2
0.02431039823741693 2
0.02444851754425619 2
0.024594231570171085 2
