0.0 1
7.577479730241721E-5 3
3.824384274131865E-5 4
1.7599455067358438E-4 4
4.5410703592976213E-4 4
3.865437698886146E-4 4
7.079880960495524E-4 4
8.20757597986095E-4 4
0.0010192799967823816 4
0.001021473849110803 4
0.0012288206925737718 4
0.00129462168230422 4
0.0014215997588880687 4
0.001590522567656667 4
0.0017429377641316102 4
0.001774299822648215 4
0.001963182394282353 4
0.0020065139600644478 4
0.0021732612079692184 4
0.002172089664845042 4
0.0023181268066696714 4
0.002389177405764843 4
0.0025318620675467978 4
0.002602002515795189 4
0.0027181864368962462 4
0.002730771798506296 4
0.002790320490154184 4
0.0028217197127665956 4
0.0029273254764521552 4
0.003043590031139801 4
0.0031108847375579006 4
0.0032092130808651287 4
0.00326785194709646 4
0.00332652908177583 4
0.0033819665382475144 4
0.0034349355029258417 4
0.0036079828048082054 4
0.0036176978377093025 4
0.0037044987511209056 4
0.003847207699369837 4
0.003892867846299823 4
0.00394286840793715 4
0.003985046369119758 4
0.0040334780613796774 4
0.0040717463424087995 4
0.004111053048829473 4
0.0041358134327010455 4
0.00419852779531692 4
0.004245916952445655 4
0.004281762055569207 4
0.004320989777222111 4
0.0043577284930013775 4
0.004391540459798596 4
0.0044116273845396965 4
0.0044674787757219 4
0.004538071393197391 4
0.004563045817496485 4
0.004616432023899693 4
0.004668015853578324 4
0.004703748850940471 4
0.004742291912067984 4
0.004798758229968579 4
0.004877877855346336 4
0.0049874102085796625 4
0.00503808088468233 4
0.005267589373704249 4
0.005310077513060419 4
0.005335242958132269 4
0.005382406460308461 4
0.005429960172109686 4
0.005448931788054869 4
0.005480372252596728 4
0.00552802263181716 4
0.005572787696478889 4
0.005614751554880113 4
0.005700449321979446 4
0.00574482897343193 4
0.005791598108118601 4
0.0058156404693423345 4
0.005843440766252359 4
0.005877977299503338 4
0.005917878309637797 4
0.006098186166009405 4
0.006146429625594591 4
0.006187935109505231 4
0.006227106804364814 4
0.006256888918838537 4
0.006385419265234475 4
0.006427590452289691 4
0.006456841081829344 4
0.006492015208187342 4
0.006555178092695944 4
0.00669062029812765 4
0.006755497444431558 4
0.006799982489005486 4
0.006844597389492997 4
0.0068619493424721175 4
0.006924780456585156 4
0.006930714413709313 4
0.006987329379085431 4
0.00701050659752432 4
0.007052300915866289 4
0.007100331817014528 4
0.007155604911062516 4
0.007177491193527076 4
