4.889975550122249E-4 1
0.0012245897624295861 1
0.001806536377073411 1
0.0015761396702230843 1
6.729475100942127E-4 2
0.0013503172785385347 2
0.0011729249182898134 3
0.001219027549776445 3
0.001890845090906799 3
0.001939370541258757 3
0.002172099955235658 3
0.0022656985572536213 3
0.0026182211317321087 3
0.0027076033518315472 3
0.002915389837270497 3
0.003063725618252668 3
0.0033876771936159748 3
0.0035087753227190876 3
0.0037490001543016896 3
0.003837461482260387 3
0.004004841989311856 3
0.004180502126923861 3
0.0044000820229157245 3
0.004463391159037144 3
0.004850888871702806 3
0.004850189972178824 3
0.005069822802512745 3
0.005156686099884179 3
0.0053482718104462534 3
0.005472924404602525 3
0.00556270764429691 3
0.005658232661160351 3
0.00583268286260558 3
0.005891786813409389 3
0.005952222756845096 3
0.006079035103644302 3
0.006236825717134847 3
0.006362047897973354 3
0.0064647150390621765 3
0.006562191903118345 3
0.006643276790303937 3
0.006909485547573035 3
0.006947554202026654 3
0.007008375857770863 3
0.007111507620563851 3
0.007269260549338202 3
0.007337792053155584 3
0.0073938307155682935 3
0.007444284387335701 3
0.007612433652490705 3
0.007649623726510224 3
0.007697029612713041 3
0.00805233825998312 3
0.008140219422260285 3
0.008285173360301263 3
0.008332871054399747 3
0.008415857101309238 3
0.008468202207543435 3
0.008526749150827974 3
0.008610305529496194 3
0.008780577435423024 3
0.00884629144863947 3
0.00890427306369363 3
0.00896588871867414 3
0.009190172347801362 3
0.009236243694438534 3
0.009482628204874522 3
0.00953003433545319 3
0.009608774773101127 3
0.009699485005007688 3
0.009767053452568135 3
0.009828265028518149 3
0.00986326084189986 3
0.00991695819457544 3
0.009984381302493623 3
0.010026623423046508 3
0.01010162123555654 3
0.010172458215444536 3
0.010237082929366658 3
0.010282161597705144 3
0.010364180329716895 3
0.01043241183985554 3
0.010710865031648448 3
0.010789548536393636 3
0.010862367343304384 3
0.010937599165841758 3
0.01101108536281923 3
0.011064335262096643 3
0.011129451160641715 3
0.01117129737769306 3
0.011559513989071145 3
0.01164663959782885 3
0.011674460235151694 3
0.011760609242593633 3
0.011793545956452467 3
0.011883173214050205 3
0.012235456068850166 3
0.012292291818759328 3
0.012373786034954294 3
0.012421150239114194 3
0.012483556968349912 3
0.012539972939591191 3
0.012592268164856315 3
0.012691999134673755 3
0.0127461087559856 3
0.012970424713127012 3
0.013042365414894107 3
0.013100937920498617 3
0.013180723585576008 3
0.01322271168463957 3
0.013304322222070996 3
0.01334397068676524 3
0.01342469706932884 3
0.013485325545710787 3
0.013748325746397888 3
0.0139765374077909 3
0.014010165647740769 3
0.014065303841355495 3
0.014135958581612396 3
0.014178359873776575 3
0.014273755031545978 3
0.014346217062762989 3
0.014417507940598748 3
0.014463814420928265 3
0.014639553083990236 3
0.014685611630378285 3
0.014775785171384954 3
0.014831638819214473 3
0.014899158888354908 3
0.014969363253631978 3
0.015026259097064664 3
0.015099094028030524 3
0.015173492721364428 3
0.015229818062890586 3
0.015310484626564286 3
