 [0.0,
 0.0,
 0.0,
 0.0,
 0.0,
 0.0,
 4.144218814753419E-4,
 7.344840249724568E-4,
 0.0013127666557269445,
 0.0014858841010401188,
 0.0016326530612244899,
 0.0017565872020075283,
 0.0027945971122496508,
 0.0034737299174989146,
 0.004058441558441558,
 0.004584527220630372,
 0.005225225225225226,
 0.005633321952884944,
 0.00616083009079118,
 0.0067943174799258805,
 0.007370283018867925,
 0.007882882882882882,
 0.008332213412175783,
 0.008778724502969274,
 0.009190263288623945,
 0.00945428434657731,
 0.009928422996998384,
 0.01026098594691055,
 0.01057059648365872,
 0.011382623224728487,
 0.011942111122356037,
 0.012756353645373369,
 0.013241878631990093,
 0.01387860843819393,
 0.014308855291576673,
 0.01524176594253679,
 0.015774215552523875,
 0.016289893617021278,
 0.017019207391198637,
 0.017699115044247787,
 0.018132716049382717,
 0.01862323757822514,
 0.01907216494845361,
 0.019655842753257973,
 0.020073249753486407,
 0.020823277942494656,
 0.02106969205834684,
 0.021770778189518263,
 0.022305796913500195,
 0.02275616577676074,
 0.02331525465993392,
 0.023859048085158447,
 0.02449714800360252,
 0.024764150943396228,
 0.02524024545559801,
 0.025928242451810996,
 0.026256983240223464,
 0.026805822576215325,
 0.027284023988330002,
 0.02801403359557729,
 0.028297939114970184,
 0.02878031200123565,
 0.029191161564970605,
 0.029681274900398406,
 0.03041750478339793,
 0.03103248259860789,
 0.031584964984993566,
 0.03201877934272301,
 0.03254027032031105,
 0.03304879718811339,
 0.03367700688847868,
 0.03424231657488008,
 0.03474869637614478,
 0.03549502810203199,
 0.035973372023555515,
 0.0363958043725515,
 0.03676592912992847,
 0.037456875308033516,
 0.037920266050208866,
 0.03856936879205383,
 0.03885108403228359,
 0.03960125097732604,
 0.0403583980226316,
 0.04091915413390335,
 0.041506301411214246,
 0.04213745012492076,
 0.0425469159016333,
 0.04287745652094651,
 0.04348766767633059,
 0.04392626662388134,
 0.04489983069977427,
 0.04556714699417327,
 0.04618411514963239,
 0.04654895666131621,
 0.04723930526458066,
 0.04785953177257525,
 0.04859961597033702,
 0.04903310390036054,
 0.04938992731048806,
 0.04999839336782237,
 0.050483522076600076,
 0.0511010995242746,
 0.05157244477723699,
 0.052504712753793384,
 0.053330884153808475,
 0.05383355574426786,
 0.05432529070640906,
 0.05491561746584517,
 0.05550967437470505,
 0.05614332476034604,
 0.05668192087122748,
 0.05718879191548002,
 0.05772732445658359,
 0.05824448581260225,
 0.05850275455130177,
 0.05952314943166066,
 0.060151202749140896,
 0.06059036768513724,
 0.0611301786341648,
 0.06207451085499866,
 0.06274259584197374,
 0.06318232160751015,
 0.06380252595246189,
 0.06446259561778815,
 0.06489364438385761,
 0.06562563788528271,
 0.06620085567453989,
 0.06665996885517657,
 0.06722961191650476,
 0.0676357164046277,
 0.0684293142352595,
 0.06903770783125197,
 0.0696629213483146,
 0.07009760425909495,
 0.07061064159028688,
 0.07162944582299421,
 0.07241007362941425,
 0.07284829865475027,
 0.07377541589648799,
 0.07449297971918876,
 0.0749219799995444,
 0.07530481597936978,
 0.076097210367908,
 0.07693508811064019,
 0.07744793974302171,
 0.0779926517501595,
 0.07856206293706294,
 0.07927411652340019,
 0.07980248830239127,
 0.0804541073149834,
 0.08092866870956758,
 0.0816408478982184,
 0.08206355202955128,
 0.08251657838762147,
 0.08308125802842581,
 0.08369862731781606,
 0.08429620237632672,
 0.08481843490276564,
 0.08542348237004725,
 0.08586902015845953,
 0.08654229450689628,
 0.08706669570209649,
 0.08746630992898034,
 0.08829279737233127,
 0.08915873324266563,
 0.08955540963343504,
 0.09029297699957763,
 0.09102187273351911,
 0.0917232742590414,
 0.09226706903055451,
 0.09306555655565557,
 0.09349714754465117,
 0.09402279677509036,
 0.09454954042255337,
 0.09530523309041637,
 0.09589614740368509,
 0.09650028062933391,
 0.09707899141515038,
 0.09766442953020134,
 0.09817981246552675,
 0.09873135516747174,
 0.09943341779279279,
 0.10008924040665629,
 0.10059171597633136,
 0.10113896004985114,
 0.10178888104543654,
 0.10230152750188369,
 0.1028104241185488,
 0.10365740034896918,
 0.1043046078679134,
 0.10486182104610434,
 0.1055,
 0.10596037469949432,
 0.10649492017416545,
 0.10734963670061835,
 0.10789993309290295,
 0.1084626875365331,
 0.10899723832749236,
 0.10972043701799486,
 0.11072393344096162,
 0.11121889162757415,
 0.11177038338000982,
 0.11266275170426815,
 0.11311827283124697,
 0.11361439396301724,
 0.11440184929487876,
 0.11501474152169551,
 0.11553111752779996,
 0.11604413742511309,
 0.11658149297317029,
 0.11728469804752535,
 0.118011206169418,
 0.11866033012008455,
 0.1191858296151493,
 0.11985919885933254,
 0.12054745928049898,
 0.120967386027627,
 0.12164833716519982,
 0.12211971492282804,
 0.12276986452380262,
 0.12332188122527933,
 0.1237787356321839,
 0.12456198063418053,
 0.12527941909304477,
 0.12590713232792833,
 0.1264233205875298,
 0.1271031712592343,
 0.12769706207263015,
 0.12826117221216762,
 0.1287523907198492,
 0.12939504332946955,
 0.1300048073621317,
 0.13073504273504274,
 0.13131423126658953,
 0.1320547573868257,
 0.13276390182029174,
 0.13336199599618428,
 0.13405109000936205,
 0.13478417218278438,
 0.13519785699130066,
 0.13586310702685575,
 0.13663134646228275,
 0.1372705611269671,
 0.13777592343898717,
 0.1382399916894989,
 0.13889822837191257,
 0.1396687615907686,
 0.14016570050787464,
 0.14082618025751073,
 0.14144330946050807,
 0.14210959771935383,
 0.1426155865132243,
 0.14340827123415056,
 0.14409250754001526,
 0.1446681209099408,
 0.14512865707582887,
 0.14547297882073665,
 0.14625615763546798,
 0.14692786084908555,
 0.14746025733452267,
 0.1479935247507881,
 0.14858639251248726,
 0.14931104858284927,
 0.1500451073555061,
 0.1507010185739964,
 0.15134005849698562,
 0.1519130362388649,
 0.15258132537256852,
 0.15345494878935195,
 0.15377291960507758,
 0.1545972906836516,
 0.15518749635504753,
 0.15562706193950096,
 0.1563176352125554,
 0.15681073850269847,
 0.1574950599696705,
 0.15808810905469903,
 0.15873920926891016,
 0.1593592001363404,
 0.1599746431361007,
 0.16066072837974968,
 0.16121747337198328,
 0.16172042047757118,
 0.16244073846840315,
 0.1631598252692654,
 0.1636788431088129,
 0.16423591191915626,
 0.16498527407798144,
 0.16566103439590885,
 0.1662720796011216,
 0.16699645567418295,
 0.16749190114521598,
 0.16802884874920374,
 0.16859251608460826,
 0.1689468831085283,
 0.16965106092010512,
 0.1701219187563222,
 0.17076975317812348,
 0.17150833853279893,
 0.1721379717353961,
 0.1728454703942532,
 0.17325727444002512,
 0.17397744698163004,
 0.17450927389170756,
 0.17496269893899205,
 0.17577878966225774,
 0.1761522076906455,
 0.1766883749551305,
 0.1776188042922841,
 0.17808833116036507,
 0.17876249936551444,
 0.17912501517665627,
 0.1797946587058254,
 0.18055429898368466,
 0.18109045004608665,
 0.1818572184663318,
 0.18245166942082944,
 0.18320815184498002,
 0.1837701513203442,
 0.1841640956896297,
 0.18496939447233712,
 0.18566392479435959,
 0.1863018779526022,
 0.18676668028719864,
 0.18716421963187804,
 0.1877941986680714,
 0.18852980285598658,
 0.18907054483977562,
 0.1897761987301648,
 0.19039162895495598,
 0.1910169039823346,
 0.19158506035071737,
 0.19205736557308814,
 0.19242304210049796,
 0.19346133594102602,
 0.1941697520738623,
 0.19477485727100288,
 0.19506423573910694,
 0.1957571704562342,
 0.19641236502380027,
 0.19700312981821202,
 0.19740415151654622,
 0.19785443566518918,
 0.19843179593218477,
 0.19909510517577947,
 0.19973623175223976,
 0.20058397867208327,
 0.2012169761848791,
 0.2018155102629515,
 0.20238202247191012,
 0.20282126885401636,
 0.2034566268397959,
 0.2040508991106913,
 0.20458603932160022,
 0.20507165506368355,
 0.20526543553329976,
 0.20586862933258207,
 0.20672097759674135,
 0.20742627557049448,
 0.20791145869701835,
 0.2082930777867718,
 0.20882335072081376,
 0.2092443736858955,
 0.21021388944012562,
 0.21109782225243287,
 0.2116043005585921,
 0.21202501860994413,
 0.21260856952715732,
 0.21311280140214747,
 0.21330211011275996,
 0.21381912949299398,
 0.2141597549759954,
 0.21441614284872812,
 0.21464896527416458,
 0.2147980148800308,
 0.2154540750755262,
 0.21605539327058315,
 0.21632209283989143,
 0.2166928742861872,
 0.21724166391548366,
 0.21777957020222388,
 0.21812256825308227,
 0.21860446081440557,
 0.21910071091014455,
 0.2195378065755521,
 0.2198751410548876,
 0.22021245587330376,
 0.22056246820673897,
 0.2208362189759861,
 0.22099429764677536,
 0.22128409500540713,
 0.22159013734529678,
 0.22178572851508027,
 0.22185490984511955,
 0.22209540115090123,
 0.22234431944850702,
 0.22269096414518558,
 0.2228785364280602,
 0.22331246960641285,
 0.22365734402503423,
 0.22413039746570745,
 0.22433572529302803,
 0.22454492528624104,
 0.22482210745561398,
 0.22507800191529456,
 0.2251263326554508,
 0.22538457992039465,
 0.22567022793114547,
 0.22573444535329057,
 0.2257924313937795,
 0.2260513085739928,
 0.2262572163345193,
 0.22638982422421816,
 0.22669363603429538,
 0.2266859366649354,
 0.2268556755214512,
 0.22703755007300364,
 0.2271019591147759,
 0.22751551360653174,
 0.22759461126344027,
 0.2275921368636404,
 0.22785951940850277,
 0.22809877125956957,
 0.22824919441460795,
 0.22825273354370001,
 0.22853545520426913,
 0.22860501796302246,
 0.22871023190770307,
 0.22899138294316812,
 0.22912121761188622,
 0.22921034747024885,
 0.22925411455854142,
 0.2293115975914189,
 0.22932962096531137,
 0.22938557562916942,
 0.22927466689516302,
 0.2294411760516232,
 0.22944181189124674,
 0.2295252740711345,
 0.22958166626609927,
 0.22965151119915964,
 0.22973163047147518,
 0.22975750391066155,
 0.22970722422817477,
 0.22955854126679462,
 0.22955077145880912,
 0.229542470948607,
 0.22957044756882608,
 0.22945108421409166,
 0.22954968622853597,
 0.22961556454497922,
 0.22943933892919158,
 0.22938933127015534,
 0.22931337126308815,
 0.22917163512970243,
 0.22900026510954463,
 0.22909786316381958,
 0.2290309707877632,
 0.2290200470981977,
 0.22893415366388886,
 0.22883353592607267,
 0.228860854476387,
 0.22877861319966583,
 0.22870935908036166,
 0.22864973457685298,
 0.2285414703423012,
 0.22852772922294612,
 0.22847461209715242,
 0.22841572545039998,
 0.22841421565404893,
 0.22817361420813767,
 0.2280105996663068,
 0.22794319205315303,
 0.22786087794585935,
 0.22787071625791783,
 0.2277656423186865,
 0.2277312228429547,
 0.22773842243125716,
 0.22757146811373102,
 0.22751006724340572,
 0.22745010091948867,
 0.22732096508163813,
 0.22721474583838255,
 0.22696497658318063,
 0.226830305839328,
 0.2266504488409956,
 0.22650596317808636,
 0.22636441025317652,
 0.22626777400276835,
 0.2261578157665095,
 0.2259763851044505,
 0.22588104419126423,
 0.22573625236168182,
 0.22563767574965785,
 0.22548271175079598,
 0.22541874361435338,
 0.22526674780825048,
 0.22522794666140597,
 0.225129795034571,
 0.22489168722461553,
 0.22467693852190573,
 0.2244875522220322,
 0.22434178449536812,
 0.22418437775548056,
 0.22412558557246534,
 0.22393843433823574
]